00101001101001100001111111111111111111110111111111111111111111111111111111111111111110000001000111111111111111111111111111111111111111111111111111111111111111111111111111111111111111111111111111111110
00101001101001100001111111111111111111110111111111111111111111111111111111111111111110000001000111111111111111111111111111111111111111111111111111111111111111111111111111111111111111111111111111111111
001010011010011000011111111111111111110
001010011010011000011111111111111111111101111111111111111111111111111111111111111111100000010001111111111111111111111111111111111111111111111111111111111111111111111111111111111111111110
001010011010011000011111111111111111111001100000001
00101001101001100001111111111111111110
0010100110100111001
0010100110100110000111111111111111111111011111111111111111111111111111111111111111111000000100011111111111111111111111111111111111111111111111111111111111111111111111111111111111111110
001010011010011000011111111111111111111101111111111111111111111111111111111111111111100000010001111111111111111111111110
0010100110100110000111111111111111111111011111111111111111111111111111111111111111111000001
00101011
0010100110100110000111111111111111110
001010011010011000011111111110
000001000
00101001101001111
00101001101001100001111111111111111111110111111111111111111111111111111111111111111110000001000111111111111111111111111111111111111111111111111111111111111111111111111111111111111110
001010011010011000011111111111111111111101111111111111111111111111111111111111111111100000010001111111111111111111111111111111111111111111111111111111111110
0010100110100110000111111111111111111111011111111111111111111111111111111111111111111000000100011111111111111111111110
00101001101001100001111111111111111111110111111111111111111111111111111111111111111110000001101
00101001101001100001111111111111111111100110000001
001010011010011000011111111111111111111101111111111111111111111111111111111111111111101
00101001101001100001111111111111111111110110
001010011010011000011111111111111111111100
001010011010011000011111111111111110
001010011010011000011111111111110
00101001101001100001111111110
00101001101001100011
001010011010011001
00101001101001101
001010011010010
00101001101000
001010011010011000011111111111111111111101111111111111111111111111111111111111111111100000010001111111111111111111111111111111111111111111111111111111111111111111111111111111111110
0011011
0010100110100110000111111111111111111111011111111111111111111111111111111111111111111000000100011111111111111111111111111111111111111111111111111111111110
001010011010011000011111111111111111111101111111111111111111111111111111111111111111100000010001111111111111111111111111111111111111111111111110
00101001101001100001111111111111111111110111111111111111111111111111111111111111111110000001000111111111111111111110
001010011010011000011111111111111111111101111111111111111111111111111111111111111111100000010010
001010011010011000011111111111111111111001100000000101
00101001101001100001111111111111111111100110000000011
001010011010011000011111111111111111111101111111111111111111111111111111111111111111100001
001010011010011000011111111111111111111001100001
0010100110100110000111111111111111111110011001
001010011010011000011111111111111111111001110
0010100110100110000111111111111111111110010
0000011
00101001101001100001111111111111111111101
000011
00101001101001100001111111111111110
0010100110100110000111111111111110
00101001101001100001111111111110
0010100110100110000111111111110
0010100110100110000111111110
00101001101001100010
00101001101001110000
00101001101001110001
001010011010011101
001010011010011000010
0010100110100110000110
00101001101001100001110
001010011011
0010100110100110000111110
00101001101001100001111110
001010011010011000011111110
0010100110100110000111111111111111111111011111111111111111111111111111111111111111111000000100011111111111111111111111111111111111111111111111111111111111111111111111111111111110
0010100110100110000111111111111111111111011111111111111111111111111111111111111111111000000100011111111111111111111111111111111111111111111111111111111111111111111111111110
001010010
001010011010011000011111111111111111111101111111111111111111111111111111111111111111100000010001111111111111111111111111111111111111111111111111111111111111111111111110
001100010110
0000010010
00001000100
00101001100
0010100110100110000111111111111111111111011111111111111111111111111111111111111111111000000100011111111111111110
001010011010011000011111111111111111111101111111111111111111111111111111111111111111100000010001111110
00001000101
001010011010011000011111111111111111111101111111111111111111111111111111111111111111100000011001
0010100110100110000111111111111111111111011111111111111111111111111111111111111111111000000101
0010100011
0000010011
00101010
0010100110100110000111111111111111111110011000001
0011000100
0010100111
00101001101001100001111111111111111111100110001
0000100011
001010011010011000011111111111111111111001101
0010100010
00110001010
0010100110100110000111111111111111111111010
00101001101001100001111111111111111111110111110
001010011010011000011111111111111111111000
0010100110100110000111111111111111111111011111110
00101001101001100001111111111111111111110111111110
001010011010011000011111111111111111111101111111110
00101001101001100001111111111111111111111
00101001101001100001111111111111111111110111111111110
001010011010011000011111111111111111111101111111111110
0010100110100110000111111111111111111111011111111111110
0010000
0010001
0011010
0001
010
00001001
00000010
000010000
00000101
001100010111
001010011010011000011111111111111111111101111111111111111111111110
0000000
00110000
00101001101011
001100011
0000101
001011
0011001
011
00111
001001
00000011
001010011010011000011110
001010000
00101001101001100001111111111111111111110111111111111111111111111111111111111110
001010011010011000011111111111111111111101111111111111111111111111111111111111110
0010100110100110000111111111111111111111011111111111111111111111111111111111111110
00101001101001100001111111111111111111110111111111111111111111111111111111111111110
001010011010011000011111111111111111111101111111111111111111111111111111111111111110
0010100110100110000111111111111111111111011111111111111111111111111111111111111111110
00101001101001100001111111111111111111110111111111111111111111111111111111111111111110000001000111111111111111111111111111111111111111111111111111111111111111111111111111111110
001010011010011000011111111111111111111101111111111111111111111111111111111111111111100000010001111111111111111111111111111111111111111111111111111111111111111111111111111110
00101001101001100001111111111111111111110111111111111111111111111111111111111111111110000001000111111111111111111111111111111111111111111111111111111111111111111111111110
0010100110100110000111111111111111111111011111111111111111111111111111111111111111111000000100011111111111111111111111111111111111111111111111111111111111111111111111110
0010100110100110000111111111111111111111011111111111111111111111111111111111111111111000000100011111111111111111111111111111111111111111111111111111111111111111111110
00101001101001100001111111111111111111110111111111111111111111111111111111111111111110000001000111111111111111111111111111111111111111111111111111111111111111111110
001010011010011000011111111111111111111101111111111111111111111111111111111111111111100000010001111111111111111111111111111111111111111111111111111111111111111110
00101001101001100001111111111111111111110111111111111111111111111111111111111111111110000001000111111111111111111111111111111111111111111111111111111111111110
00101001101001100001111111111111111111110111111111111111111111111111111111111111111110000001000111111111111111111111111111111111111111111111111111111110
001010011010011000011111111111111111111101111111111111111111111111111111111111111111100000010001111111111111111111111111111111111111111111111111111110
0010100110100110000111111111111111111111011111111111111111111111111111111111111111111000000100011111111111111111111111111111111111111111111111111110
00101001101001100001111111111111111111110111111111111111111111111111111111111111111110000001000111111111111111111111111111111111111111111111111110
0010100110100110000111111111111111111111011111111111111111111111111111111111111111111000000100011111111111111111111111111111111111111111111110
00101001101001100001111111111111111111110111111111111111111111111111111111111111111110000001000111111111111111111111111111111111111111111110
001010011010011000011111111111111111111101111111111111111111111111111111111111111111100000010001111111111111111111111111111111111110
0010100110100110000111111111111111111111011111111111111111111111111111111111111111111000000100011111111111111111111111111110
001010011010011000011111111111111111111101111111111111111111111111111111111111111111100000010001111111111110
0010100110100110000111111111111111111111011111111111111111111111111111111111111111111000000100011111111110
0010100110100110000111111111111111111111011111111111111111111111111111111111111111111000000100011110
00101001101001100001111111111111111111110111111111111111111111111111111111111111111110000001000110
001010011010011000011111111111111111111101111111111111111111111111111111111111111111100000010011
001010011010011000011111111111111111111101111111111111111111111111111111111111111111100000011000
0010100110100110000111111111111111111110011000000001000
0010100110100110000111111111111111111110011000000001001
001010011010011000011111111111111111111101111111111111111111111111111111111111111111100000010000
0010100110100110000111111111111111111111011111111111111111111111111111111111111111111000000100010
0010100110100110000111111111111111111111011111111111111111111111111111111111111111111000000111
001010011010011000011111111111111111111101111111111111111111111111111111111111111111100000010001110
0010100110100110000111111111111111111110011000000000
00101001101001100001111111111111111111110111111111111111111111111111111111111111111110000001000111110
00101001101001100001111111111111111111110111111111111111111111111111111111111111111110000000
0010100110100110000111111111111111111111011111111111111111111111111111111111111111111000000100011111110
00101001101001100001111111111111111111110111111111111111111111111111111111111111111110000001000111111110
001010011010011000011111111111111111111101111111111111111111111111111111111111111111100000010001111111110
00101001101001100001111111111111111111110111111111111111111111111111111111111111111110001
00101001101001100001111111111111111111110111111111111111111111111111111111111111111110000001000111111111110
0010100110100110000111111111111111111111011111111111111111111111111111111111111111111001
0010100110100110000111111111111111111111011111111111111111111111111111111111111111111000000100011111111111110
00101001101001100001111111111111111111110111111111111111111111111111111111111111111110000001000111111111111110
001010011010011000011111111111111111111101111111111111111111111111111111111111111111100000010001111111111111110
00101001101001100001111111111111111111110111111111111111111111111111111111111111111111
00101001101001100001111111111111111111110111111111111111111111111111111111111111111110000001000111111111111111110
001010011010011000011111111111111111111101111111111111111111111111111111111111111111100000010001111111111111111110
0010100110100110000111111111111111111111011111111111111111111111111111111111111111111000000100011111111111111111110
001010011010011000011111111111111111111001111
001010011010011000011111111111111111111101111111111111111111111111111111111111111111100000010001111111111111111111110
001010011010011000011111111111111111111101110
00101001101001100001111111111111111111110111111111111111111111111111111111111111111110000001000111111111111111111111110
0010100110100110000111111111111111111111011110
0010100110100110000111111111111111111111011111111111111111111111111111111111111111111000000100011111111111111111111111110
00101001101001100001111111111111111111110111111111111111111111111111111111111111111110000001000111111111111111111111111110
001010011010011000011111111111111111111101111111111111111111111111111111111111111111100000010001111111111111111111111111110
001010011010011000011111111111111111111101111110
00101001101001100001111111111111111111110111111111111111111111111111111111111111111110000001000111111111111111111111111111110
001010011010011000011111111111111111111101111111111111111111111111111111111111111111100000010001111111111111111111111111111110
0010100110100110000111111111111111111111011111111111111111111111111111111111111111111000000100011111111111111111111111111111110
00101001101001100001111111111111111111110111111111111111111111111111111111111111111110000001000111111111111111111111111111111110
001010011010011000011111111111111111111101111111111111111111111111111111111111111111100000010001111111111111111111111111111111110
0010100110100110000111111111111111111111011111111111111111111111111111111111111111111000000100011111111111111111111111111111111110
00101001101001100001111111111111111111110111111111111111111111111111111111111111111110000001000111111111111111111111111111111111110
0010100110100110000111111111111111111111011111111110
0010100110100110000111111111111111111111011111111111111111111111111111111111111111111000000100011111111111111111111111111111111111110
00101001101001100001111111111111111111110111111111111111111111111111111111111111111110000001000111111111111111111111111111111111111110
001010011010011000011111111111111111111101111111111111111111111111111111111111111111100000010001111111111111111111111111111111111111110
0010100110100110000111111111111111111111011111111111111111111111111111111111111111111000000100011111111111111111111111111111111111111110
00101001101001100001111111111111111111110111111111111111111111111111111111111111111110000001000111111111111111111111111111111111111111110
001010011010011000011111111111111111111101111111111111111111111111111111111111111111100000010001111111111111111111111111111111111111111110
0010100110100110000111111111111111111111011111111111111111111111111111111111111111111000000100011111111111111111111111111111111111111111110
00101001101001100001111111111111111111110111111111111110
001010011010011000011111111111111111111101111111111111111111111111111111111111111111100000010001111111111111111111111111111111111111111111110
001010011010011000011111111111111111111101111111111111110
00101001101001100001111111111111111111110111111111111111111111111111111111111111111110000001000111111111111111111111111111111111111111111111110
0010100110100110000111111111111111111111011111111111111110
0010100110100110000111111111111111111111011111111111111111111111111111111111111111111000000100011111111111111111111111111111111111111111111111110
00101001101001100001111111111111111111110111111111111111110
001010011010011000011111111111111111111101111111111111111111111111111111111111111111100000010001111111111111111111111111111111111111111111111111110
001010011010011000011111111111111111111101111111111111111110
00101001101001100001111111111111111111110111111111111111111111111111111111111111111110000001000111111111111111111111111111111111111111111111111111110
0010100110100110000111111111111111111111011111111111111111110
0010100110100110000111111111111111111111011111111111111111111111111111111111111111111000000100011111111111111111111111111111111111111111111111111111110
00101001101001100001111111111111111111110111111111111111111110
001010011010011000011111111111111111111101111111111111111111111111111111111111111111100000010001111111111111111111111111111111111111111111111111111111110
001010011010011000011111111111111111111101111111111111111111110
00101001101001100001111111111111111111110111111111111111111111111111111111111111111110000001000111111111111111111111111111111111111111111111111111111111110
0010100110100110000111111111111111111111011111111111111111111110
0010100110100110000111111111111111111111011111111111111111111111111111111111111111111000000100011111111111111111111111111111111111111111111111111111111111110
00101001101001100001111111111111111111110111111111111111111111110
001010011010011000011111111111111111111101111111111111111111111111111111111111111111100000010001111111111111111111111111111111111111111111111111111111111111110
0010100110100110000111111111111111111111011111111111111111111111111111111111111111111000000100011111111111111111111111111111111111111111111111111111111111111110
00101001101001100001111111111111111111110111111111111111111111111111111111111111111110000001000111111111111111111111111111111111111111111111111111111111111111110
0010100110100110000111111111111111111111011111111111111111111111110
0010100110100110000111111111111111111111011111111111111111111111111111111111111111111000000100011111111111111111111111111111111111111111111111111111111111111111110
00101001101001100001111111111111111111110111111111111111111111111110
001010011010011000011111111111111111111101111111111111111111111111111111111111111111100000010001111111111111111111111111111111111111111111111111111111111111111111110
001010011010011000011111111111111111111101111111111111111111111111110
00101001101001100001111111111111111111110111111111111111111111111111111111111111111110000001000111111111111111111111111111111111111111111111111111111111111111111111110
00101001101001100000
0010100110100110000111111111111111111111011111111111111111111111111110
00101001101001100001111111111111111111110111111111111111111111111111110
001010011010011000011111111111111111111101111111111111111111111111111111111111111111100000010001111111111111111111111111111111111111111111111111111111111111111111111111110
001010011010011000011111111111111111111101111111111111111111111111111110
00101001101001100001111111111111111111110111111111111111111111111111111111111111111110000001000111111111111111111111111111111111111111111111111111111111111111111111111111110
0010100110100110000111111111111111111111011111111111111111111111111111110
0010100110100110000111111111111111111111011111111111111111111111111111111111111111111000000100011111111111111111111111111111111111111111111111111111111111111111111111111111110
00101001101001100001111111111111111111110111111111111111111111111111111110
001010011010011000011111111111111111111101111111111111111111111111111111111111111111100000010001111111111111111111111111111111111111111111111111111111111111111111111111111111110
001010011010011000011111111111111111111101111111111111111111111111111111110
00101001101001100001111111111111111111110111111111111111111111111111111111111111111110000001000111111111111111111111111111111111111111111111111111111111111111111111111111111111110
0010100110100110000111111111111111111111011111111111111111111111111111111110
0010100110100110000111111111111111111111011111111111111111111111111111111111111111111000000100011111111111111111111111111111111111111111111111111111111111111111111111111111111111110
00101001101001100001111111111111111111110111111111111111111111111111111111110
001010011010011000011111111111111111111101111111111111111111111111111111111111111111100000010001111111111111111111111111111111111111111111111111111111111111111111111111111111111111110
001010011010011000011111111111111111111101111111111111111111111111111111111110
00101001101001100001111111111111111111110111111111111111111111111111111111111111111110000001000111111111111111111111111111111111111111111111111111111111111111111111111111111111111111110
0010100110100110000111111111111111111111011111111111111111111111111111111111110
0010100110100110000111111111111111111111011111111111111111111111111111111111111111111000000100011111111111111111111111111111111111111111111111111111111111111111111111111111111111111111110
00101001101001100001111111111111111111110111111111111111111111111111111111111111111110000001000111111111111111111111111111111111111111111111111111111111111111111111111111111111111111111110
001010011010011000011111111111111111111101111111111111111111111111111111111111111111100000010001111111111111111111111111111111111111111111111111111111111111111111111111111111111111111111110
0010100110100110000111111111111111111111011111111111111111111111111111111111111111111000000100011111111111111111111111111111111111111111111111111111111111111111111111111111111111111111111110
00101001101001100001111111111111111111110111111111111111111111111111111111111111111110000001000111111111111111111111111111111111111111111111111111111111111111111111111111111111111111111111110
001010011010011000011111111111111111111101111111111111111111111111111111111111111111100000010001111111111111111111111111111111111111111111111111111111111111111111111111111111111111111111111110
0010100110100110000111111111111111111111011111111111111111111111111111111111111111111000000100011111111111111111111111111111111111111111111111111111111111111111111111111111111111111111111111110
00101001101001100001111111111111111111110111111111111111111111111111111111111111111110000001000111111111111111111111111111111111111111111111111111111111111111111111111111111111111111111111111110
001010011010011000011111111111111111111101111111111111111111111111111111111111111111100000010001111111111111111111111111111111111111111111111111111111111111111111111111111111111111111111111111110
0010100110100110000111111111111111111111011111111111111111111111111111111111111111111000000100011111111111111111111111111111111111111111111111111111111111111111111111111111111111111111111111111110
00101001101001100001111111111111111111110111111111111111111111111111111111111111111110000001000111111111111111111111111111111111111111111111111111111111111111111111111111111111111111111111111111110
001010011010011000011111111111111111111101111111111111111111111111111111111111111111100000010001111111111111111111111111111111111111111111111111111111111111111111111111111111111111111111111111111110
0010100110100110000111111111111111111111011111111111111111111111111111111111111111111000000100011111111111111111111111111111111111111111111111111111111111111111111111111111111111111111111111111111110
tablaCodigos.txt
